
0.000000
0.000000
0.000000
0.000000
0.000000
0.000000
0.000000
0.000000
0.000000
0.000000
0.000000
0.000000
0.000000
0.000000
0.000000
0.000000
0.000000
0.000000
0.000000
0.000000
0.000000
0.000000
0.000000
0.000000
0.000000
0.000000
0.000000
0.010000
0.010000
0.010000
0.020000
0.030000
0.060000
0.090000
0.140000
0.230000
0.360000
0.590000
0.960000
1.550000
2.510000
4.060000
6.560000
10.630000
17.190000
27.810000
0.000000
0.000000
0.000000
0.000000
0.000000
0.000000
0.000000
0.000000
0.000000
0.000000
0.000000
0.000000
0.000000
0.000000
0.000000
0.000000
0.000000
0.000000
0.000000
0.000000
0.000000
0.000000
0.000000
0.000000
0.000000
0.000000
0.000000
0.010000
0.010000
0.010000
0.020000
0.030000
0.060000
0.080000
0.140000
0.230000
0.370000
0.590000
0.950000
1.550000
2.510000
4.060000
6.570000
10.620000
17.190000
27.810000